######################################################
### paste into Octave or Matlab... ###################
ratio     = [0.332077, 1.054054, 1.078688, 0.989932, 0.971061, 1.050561, 1.127272, 1.109634, 1.061151, 1.111111, 1.209386, 1.089605, 1.192592, 1.089219, 1.156716, 1.070422, 1.118959, 1.07037, 1.116541, 1.112359, 1.075187, 1.11985, 1.085501, 1.139622, 1.065934, 1.078066, 1.11985, 0.971786, 1.046511, 0.938709, 1, 0.970684, 0.948553, 0.931596, 0.975155, 1.080906, 0.947368, 0.95238, 0.990445, 0.933333, 0.929663, 0.977346, 1.168639, 0.942675, 1.079027, 1.051612, 0.919642, 0.990415, 0.94638, 0.91369, 0.95114, 1.022508, 0.914826, 0.917981, 0.970588, 1.016304, 0.881305, 1.036516, 1.016233, 1.050632, 0.900621, 0.977635, 0.952681, 0.952076, 0.953642, 0.938906, 0.971518, 0.980769, 1.02795, 0.974763, 1.089108, 0.891975, 0.984894, 0.962025, 1.296529, 1.006514, 0.969135, 0.916932, 0.987341, 0.963696, 0.941747, 0.96129, 0.949206, 0.939024, 1.092715, 0.940199, 1.016835, 0.929032, 0.974025, 0.892307, 1.087542, 1.024054, 0.980456, 1.032894, 0.922077, 1.009584, 0.911042, 0.967213, 0.965517, 0.996666; 0.074233, 0.161228, 0.160907, 0.1402, 0.129905, 0.138383, 0.144645, 0.134791, 0.131692, 0.124842, 0.127921, 0.134314, 0.121249, 0.124886, 0.117508, 0.113584, 0.120512, 0.111876, 0.105692, 0.110634, 0.108672, 0.091171, 0.095249, 0.097116, 0.096671, 0.094743, 1.129921, 1.084291, 1.114173, 1.124, 1.135999, 1.230468, 1.114624, 1.137795, 1.128514, 1.141221, 1.114624, 1.137254, 1.111553, 1.110671, 1.113725, 1.146825, 1.133858, 1.121093, 1.145038, 1.14341, 1.122137, 1.109375, 1.134228, 1.162162, 1.108433, 1.109375, 1.144531, 1.105468, 1.12749, 1.195999, 1.098113, 1.056737, 1.125984, 1.138461, 1.122529, 1.113281, 1.144531, 1.111111, 1.460176, 1.147999, 1.136186, 1.137254, 1.193442, 1.153543, 1.15415, 1.312727, 1.267399, 1.170634, 1.164516, 1.121093, 1.516363, 1.116731, 1.192156, 1.142292, 1.177165, 1.20155, 1.137254, 1.147727, 1.185039, 1.11284, 1.114173, 1.094117, 1.142857, 1.274131, 1.122605, 1.154761, 1.108949, 1.329411, 1.094488, 1.074218, 1.13492, 1.12749, 1.106719, 1.174496; 0.196099, 0.24007, 0.249896, 0.240313, 0.204868, 0.234721, 0.188742, 0.220145, 0.216186, 0.201588, 0.191304, 0.210756, 0.19146, 0.201524, 0.175471, 0.16687, 0.171842, 0.174743, 0.155297, 0.174502, 0.164613, 0.146341, 0.160068, 0.156257, 0.154912, 0.137863, 0.128501, 0.130102, 0.158138, 0.136782, 0.131064, 0.127314, 0.125107, 0.080593, 0.120429, 0.138595, 0.130308, 0.119214, 0.124051, 0.111089, 0.109511, 0.11547, 0.110477, 0.111235, 0.112996, 0.110501, 0.099065, 0.10089, 0.101468, 0.101503, 0.100577, 0.862573, 0.813031, 0.859237, 1.11604, 0.833795, 0.900485, 0.828054, 0.860058, 0.908866, 0.9022, 0.965116, 0.841397, 1.092948, 1.082018, 1.047222, 0.827195, 0.924924, 0.961309, 0.886227, 1.086956, 1.013559, 1.070175, 1, 0.945783, 0.879518, 0.885057, 0.854166, 0.748031, 1.032142, 1.05944, 1.147727, 0.877245, 0.895184, 0.875739, 0.886567, 0.81065, 1.127147, 1.045774, 1.045614, 0.893175, 0.917177, 0.886567, 0.919075, 1.013793, 1.192567, 1.014234, 1.021428, 0.851744, 0.902654; 0.390149, 0.347121, 0.290308, 0.306822, 0.313195, 0.304521, 0.304176, 0.323042, 0.297267, 0.251068, 0.279313, 0.24958, 0.271146, 0.231301, 0.225487, 0.22549, 0.236325, 0.237632, 0.223547, 0.195415, 0.203534, 0.201009, 0.209457, 0.19635, 0.202938, 0.186887, 0.211011, 0.189231, 0.191393, 0.188798, 0.145067, 0.161512, 0.17463, 0.159857, 0.172965, 0.161587, 0.161082, 0.165897, 0.148859, 0.1453, 0.138437, 0.141412, 0.152013, 0.144114, 0.158347, 0.124636, 0.085701, 0.121217, 0.127992, 0.144067, 0.133498, 0.127411, 0.132522, 0.132352, 0.118644, 0.123084, 0.123896, 0.12471, 0.10032, 0.119044, 0.128287, 0.112176, 0.114237, 0.11062, 0.111126, 0.105388, 0.108241, 0.112186, 0.106703, 0.112797, 0.114162, 0.106771, 0.106627, 0.108313, 0.09648, 0.108567, 0.950464, 0.896875, 0.74677, 0.789041, 0.838709, 0.850415, 0.921126, 0.909909, 0.901234, 0.951768, 0.964601, 1.009966, 0.941368, 1.039062, 0.880597, 0.962145, 0.898148, 1.009463, 0.839895, 1.064748, 1.032142, 1.088888, 0.969014, 0.912772; 0.243125, 0.393626, 0.397836, 0.396437, 0.391798, 0.380632, 0.370127, 0.324223, 0.355133, 0.33166, 0.33696, 0.319528, 0.313528, 0.332032, 0.30808, 0.281433, 0.284922, 0.295942, 0.265243, 0.280898, 0.254688, 0.261338, 0.252817, 0.242049, 0.231415, 0.224008, 0.237946, 0.229406, 0.234415, 0.199442, 0.213721, 0.207973, 0.20524, 0.216403, 0.20325, 0.205711, 0.1928, 0.182806, 0.181181, 0.181388, 0.196677, 0.186374, 0.18575, 0.176123, 0.183481, 0.170565, 0.17372, 0.180939, 0.157379, 0.165501, 0.148341, 0.175615, 0.161117, 0.157035, 0.155453, 0.154961, 0.140632, 0.158966, 0.153556, 0.158927, 0.141108, 0.158525, 0.142878, 0.141565, 0.142961, 0.137796, 0.146973, 0.142959, 0.143421, 0.137756, 0.134376, 0.134161, 0.12667, 0.125552, 0.12444, 0.134768, 0.122478, 0.118875, 0.115346, 0.110113, 0.121813, 0.124816, 0.116176, 0.124576, 0.114473, 0.113367, 0.116522, 0.107455, 0.10828, 0.120635, 0.107559, 0.1099, 0.115252, 0.103293, 0.104594, 0.107041, 0.11262, 0.108387, 0.102611, 0.099967; 0.259788, 0.476362, 0.437156, 0.460816, 0.460695, 0.403803, 0.436798, 0.427517, 0.404897, 0.388558, 0.349034, 0.375164, 0.367002, 0.374185, 0.350301, 0.351953, 0.313635, 0.31561, 0.328798, 0.308165, 0.298739, 0.30144, 0.275122, 0.278461, 0.291279, 0.287447, 0.253579, 0.287445, 0.280065, 0.254088, 0.263726, 0.255076, 0.174498, 0.242507, 0.243329, 0.242802, 0.245027, 0.219778, 0.220911, 0.223668, 0.219631, 0.215177, 0.211493, 0.215151, 0.208804, 0.21133, 0.192644, 0.171357, 0.204909, 0.197089, 0.179638, 0.184585, 0.199156, 0.189175, 0.181892, 0.191856, 0.182436, 0.179384, 0.182093, 0.181831, 0.172899, 0.174611, 0.169486, 0.160109, 0.17024, 0.152367, 0.166252, 0.167692, 0.1682, 0.170094, 0.158292, 0.164483, 0.152993, 0.156207, 0.1522, 0.154621, 0.144255, 0.148855, 0.135347, 0.147885, 0.141293, 0.135249, 0.13642, 0.145402, 0.142981, 0.13952, 0.137971, 0.135639, 0.132997, 0.133536, 0.135583, 0.127475, 0.137569, 0.117174, 0.134794, 0.123544, 0.139291, 0.121328, 0.120433, 0.106007; 0.255796, 0.440095, 0.469595, 0.512357, 0.50448, 0.503951, 0.490671, 0.455551, 0.445483, 0.435584, 0.413156, 0.418983, 0.423429, 0.394313, 0.21588, 0.391995, 0.352686, 0.347764, 0.39828, 0.367198, 0.34868, 0.333067, 0.336368, 0.329972, 0.352701, 0.301529, 0.308402, 0.294905, 0.270779, 0.286148, 0.310856, 0.276742, 0.283921, 0.277229, 0.268074, 0.253553, 0.245071, 0.245566, 0.247235, 0.26986, 0.246254, 0.261184, 0.244209, 0.231567, 0.240357, 0.230662, 0.23022, 0.241073, 0.232551, 0.224143, 0.197793, 0.205269, 0.194072, 0.205321, 0.18733, 0.219046, 0.232338, 0.201169, 0.197024, 0.193418, 0.197838, 0.183321, 0.203295, 0.18825, 0.189847, 0.189011, 0.19055, 0.181679, 0.187055, 0.186001, 0.177908, 0.180865, 0.180784, 0.181184, 0.169234, 0.171179, 0.164864, 0.181971, 0.16544, 0.175427, 0.17653, 0.177048, 0.163906, 0.178174, 0.161704, 0.152536, 0.167267, 0.160457, 0.152658, 0.151348, 0.143695, 0.16404, 0.151511, 0.144888, 0.148131, 0.158883, 0.142157, 0.145464, 0.137972, 0.142444; 0.338949, 0.496325, 0.553468, 0.606741, 0.52426, 0.525758, 0.548411, 0.544059, 0.546775, 0.516794, 0.497442, 0.467717, 0.49048, 0.435952, 0.468034, 0.456739, 0.424503, 0.409116, 0.406267, 0.406788, 0.371644, 0.377057, 0.384635, 0.37916, 0.37193, 0.402018, 0.348292, 0.33504, 0.327647, 0.329216, 0.326263, 0.33903, 0.313017, 0.310765, 0.300204, 0.301813, 0.290058, 0.320204, 0.275319, 0.294197, 0.295679, 0.301359, 0.255205, 0.274265, 0.263197, 0.265977, 0.252227, 0.268175, 0.255392, 0.258125, 0.247179, 0.244739, 0.241582, 0.232461, 0.251468, 0.241154, 0.244198, 0.234478, 0.229173, 0.236904, 0.213696, 0.232093, 0.21782, 0.228828, 0.21354, 0.234723, 0.215152, 0.201792, 0.066629, 0.212824, 0.203804, 0.208689, 0.206184, 0.206756, 0.180188, 0.194068, 0.193839, 0.189006, 0.187013, 0.189249, 0.180665, 0.194172, 0.191848, 0.178772, 0.17934, 0.189547, 0.182994, 0.183545, 0.18972, 0.182511, 0.176118, 0.148682, 0.158564, 0.164896, 0.175413, 0.241056, 0.162825, 0.164614, 